-34.875 -3.5 
-2.775 -3.5 
21.225 -3.5 
58.225 -3.5 
84.225 -3.5 
-24.975 3.5 
9.225 3.5 
27.225 3.5 
71.225 3.5 
90.725 3.5 
52.7 -9.5 
53.7 -9.5 
54.7 -9.5 
55.7 -9.5 
52.7 -8.5 
53.7 -8.5 
54.7 -8.5 
55.7 -8.5 
52.7 -7.5 
53.7 -7.5 
54.7 -7.5 
55.7 -7.5 
52.7 -6.5 
53.7 -6.5 
54.7 -6.5 
55.7 -6.5 
78.5 -34.1 
79.5 -34.1 
80.5 -34.1 
81.5 -34.1 
82.5 -34.1 
83.5 -34.1 
84.5 -34.1 
85.5 -34.1 
86.5 -34.1 
87.5 -34.1 
88.5 -34.1 
89.5 -34.1 
90.5 -34.1 
91.5 -34.1 
78.5 -33.1 
79.5 -33.1 
80.5 -33.1 
81.5 -33.1 
82.5 -33.1 
83.5 -33.1 
84.5 -33.1 
85.5 -33.1 
86.5 -33.1 
87.5 -33.1 
88.5 -33.1 
89.5 -33.1 
90.5 -33.1 
91.5 -33.1 
78.5 -32.1 
79.5 -32.1 
80.5 -32.1 
81.5 -32.1 
82.5 -32.1 
83.5 -32.1 
84.5 -32.1 
85.5 -32.1 
86.5 -32.1 
87.5 -32.1 
88.5 -32.1 
89.5 -32.1 
90.5 -32.1 
91.5 -32.1 
78.5 -31.1 
79.5 -31.1 
80.5 -31.1 
81.5 -31.1 
82.5 -31.1 
83.5 -31.1 
84.5 -31.1 
85.5 -31.1 
86.5 -31.1 
87.5 -31.1 
88.5 -31.1 
89.5 -31.1 
90.5 -31.1 
91.5 -31.1 
78.5 -30.1 
79.5 -30.1 
80.5 -30.1 
81.5 -30.1 
82.5 -30.1 
83.5 -30.1 
84.5 -30.1 
85.5 -30.1 
86.5 -30.1 
87.5 -30.1 
88.5 -30.1 
89.5 -30.1 
90.5 -30.1 
91.5 -30.1 
78.5 -29.1 
79.5 -29.1 
80.5 -29.1 
81.5 -29.1 
82.5 -29.1 
83.5 -29.1 
84.5 -29.1 
85.5 -29.1 
86.5 -29.1 
87.5 -29.1 
88.5 -29.1 
89.5 -29.1 
90.5 -29.1 
91.5 -29.1 
78.5 -28.1 
79.5 -28.1 
80.5 -28.1 
81.5 -28.1 
82.5 -28.1 
83.5 -28.1 
84.5 -28.1 
85.5 -28.1 
86.5 -28.1 
87.5 -28.1 
88.5 -28.1 
89.5 -28.1 
90.5 -28.1 
91.5 -28.1 
2.5 33.5 
3.5 33.5 
4.5 33.5 
5.5 33.5 
6.5 33.5 
7.5 33.5 
8.5 33.5 
9.5 33.5 
10.5 33.5 
2.5 34.5 
3.5 34.5 
4.5 34.5 
5.5 34.5 
6.5 34.5 
7.5 34.5 
8.5 34.5 
9.5 34.5 
10.5 34.5 
2.5 35.5 
3.5 35.5 
4.5 35.5 
5.5 35.5 
6.5 35.5 
7.5 35.5 
8.5 35.5 
9.5 35.5 
10.5 35.5 
2.5 36.5 
3.5 36.5 
4.5 36.5 
5.5 36.5 
6.5 36.5 
7.5 36.5 
8.5 36.5 
9.5 36.5 
10.5 36.5 
-35.5 16.5 
-34.5 16.5 
-33.5 16.5 
-32.5 16.5 
-31.5 16.5 
-30.5 16.5 
-29.5 16.5 
-28.5 16.5 
-27.5 16.5 
-26.5 16.5 
-25.5 16.5 
-24.5 16.5 
-23.5 16.5 
-22.5 16.5 
-21.5 16.5 
-20.5 16.5 
-19.5 16.5 
-18.5 16.5 
-35.5 17.5 
-34.5 17.5 
-33.5 17.5 
-32.5 17.5 
-31.5 17.5 
-30.5 17.5 
-29.5 17.5 
-28.5 17.5 
-27.5 17.5 
-26.5 17.5 
-25.5 17.5 
-24.5 17.5 
-23.5 17.5 
-22.5 17.5 
-21.5 17.5 
-20.5 17.5 
-19.5 17.5 
-18.5 17.5 
-35.5 18.5 
-34.5 18.5 
-33.5 18.5 
-32.5 18.5 
-31.5 18.5 
-30.5 18.5 
-29.5 18.5 
-28.5 18.5 
-27.5 18.5 
-26.5 18.5 
-25.5 18.5 
-24.5 18.5 
-23.5 18.5 
-22.5 18.5 
-21.5 18.5 
-20.5 18.5 
-19.5 18.5 
-18.5 18.5 
-35.5 19.5 
-34.5 19.5 
-33.5 19.5 
-32.5 19.5 
-31.5 19.5 
-30.5 19.5 
-29.5 19.5 
-28.5 19.5 
-27.5 19.5 
-26.5 19.5 
-25.5 19.5 
-24.5 19.5 
-23.5 19.5 
-22.5 19.5 
-21.5 19.5 
-20.5 19.5 
-19.5 19.5 
-18.5 19.5 
-35.5 20.5 
-34.5 20.5 
-33.5 20.5 
-32.5 20.5 
-31.5 20.5 
-30.5 20.5 
-29.5 20.5 
-28.5 20.5 
-27.5 20.5 
-26.5 20.5 
-25.5 20.5 
-24.5 20.5 
-23.5 20.5 
-22.5 20.5 
-21.5 20.5 
-20.5 20.5 
-19.5 20.5 
-18.5 20.5 
-35.5 21.5 
-34.5 21.5 
-33.5 21.5 
-32.5 21.5 
-31.5 21.5 
-30.5 21.5 
-29.5 21.5 
-28.5 21.5 
-27.5 21.5 
-26.5 21.5 
-25.5 21.5 
-24.5 21.5 
-23.5 21.5 
-22.5 21.5 
-21.5 21.5 
-20.5 21.5 
-19.5 21.5 
-18.5 21.5 
-35.5 22.5 
-34.5 22.5 
-33.5 22.5 
-32.5 22.5 
-31.5 22.5 
-30.5 22.5 
-29.5 22.5 
-28.5 22.5 
-27.5 22.5 
-26.5 22.5 
-25.5 22.5 
-24.5 22.5 
-23.5 22.5 
-22.5 22.5 
-21.5 22.5 
-20.5 22.5 
-19.5 22.5 
-18.5 22.5 
-35.5 23.5 
-34.5 23.5 
-33.5 23.5 
-32.5 23.5 
-31.5 23.5 
-30.5 23.5 
-29.5 23.5 
-28.5 23.5 
-27.5 23.5 
-26.5 23.5 
-25.5 23.5 
-24.5 23.5 
-23.5 23.5 
-22.5 23.5 
-21.5 23.5 
-20.5 23.5 
-19.5 23.5 
-18.5 23.5 
-35.5 24.5 
-34.5 24.5 
-33.5 24.5 
-32.5 24.5 
-31.5 24.5 
-30.5 24.5 
-29.5 24.5 
-28.5 24.5 
-27.5 24.5 
-26.5 24.5 
-25.5 24.5 
-24.5 24.5 
-23.5 24.5 
-22.5 24.5 
-21.5 24.5 
-20.5 24.5 
-19.5 24.5 
-18.5 24.5 
-35.5 25.5 
-34.5 25.5 
-33.5 25.5 
-32.5 25.5 
-31.5 25.5 
-30.5 25.5 
-29.5 25.5 
-28.5 25.5 
-27.5 25.5 
-26.5 25.5 
-25.5 25.5 
-24.5 25.5 
-23.5 25.5 
-22.5 25.5 
-21.5 25.5 
-20.5 25.5 
-19.5 25.5 
-18.5 25.5 
-35.5 26.5 
-34.5 26.5 
-33.5 26.5 
-32.5 26.5 
-31.5 26.5 
-30.5 26.5 
-29.5 26.5 
-28.5 26.5 
-27.5 26.5 
-26.5 26.5 
-25.5 26.5 
-24.5 26.5 
-23.5 26.5 
-22.5 26.5 
-21.5 26.5 
-20.5 26.5 
-19.5 26.5 
-18.5 26.5 
-35.5 27.5 
-34.5 27.5 
-33.5 27.5 
-32.5 27.5 
-31.5 27.5 
-30.5 27.5 
-29.5 27.5 
-28.5 27.5 
-27.5 27.5 
-26.5 27.5 
-25.5 27.5 
-24.5 27.5 
-23.5 27.5 
-22.5 27.5 
-21.5 27.5 
-20.5 27.5 
-19.5 27.5 
-18.5 27.5 
-35.5 28.5 
-34.5 28.5 
-33.5 28.5 
-32.5 28.5 
-31.5 28.5 
-30.5 28.5 
-29.5 28.5 
-28.5 28.5 
-27.5 28.5 
-26.5 28.5 
-25.5 28.5 
-24.5 28.5 
-23.5 28.5 
-22.5 28.5 
-21.5 28.5 
-20.5 28.5 
-19.5 28.5 
-18.5 28.5 
-35.5 29.5 
-34.5 29.5 
-33.5 29.5 
-32.5 29.5 
-31.5 29.5 
-30.5 29.5 
-29.5 29.5 
-28.5 29.5 
-27.5 29.5 
-26.5 29.5 
-25.5 29.5 
-24.5 29.5 
-23.5 29.5 
-22.5 29.5 
-21.5 29.5 
-20.5 29.5 
-19.5 29.5 
-18.5 29.5 
-35.5 30.5 
-34.5 30.5 
-33.5 30.5 
-32.5 30.5 
-31.5 30.5 
-30.5 30.5 
-29.5 30.5 
-28.5 30.5 
-27.5 30.5 
-26.5 30.5 
-25.5 30.5 
-24.5 30.5 
-23.5 30.5 
-22.5 30.5 
-21.5 30.5 
-20.5 30.5 
-19.5 30.5 
-18.5 30.5 
-35.5 31.5 
-34.5 31.5 
-33.5 31.5 
-32.5 31.5 
-31.5 31.5 
-30.5 31.5 
-29.5 31.5 
-28.5 31.5 
-27.5 31.5 
-26.5 31.5 
-25.5 31.5 
-24.5 31.5 
-23.5 31.5 
-22.5 31.5 
-21.5 31.5 
-20.5 31.5 
-19.5 31.5 
-18.5 31.5 
-35.5 32.5 
-34.5 32.5 
-33.5 32.5 
-32.5 32.5 
-31.5 32.5 
-30.5 32.5 
-29.5 32.5 
-28.5 32.5 
-27.5 32.5 
-26.5 32.5 
-25.5 32.5 
-24.5 32.5 
-23.5 32.5 
-22.5 32.5 
-21.5 32.5 
-20.5 32.5 
-19.5 32.5 
-18.5 32.5 
-35.5 33.5 
-34.5 33.5 
-33.5 33.5 
-32.5 33.5 
-31.5 33.5 
-30.5 33.5 
-29.5 33.5 
-28.5 33.5 
-27.5 33.5 
-26.5 33.5 
-25.5 33.5 
-24.5 33.5 
-23.5 33.5 
-22.5 33.5 
-21.5 33.5 
-20.5 33.5 
-19.5 33.5 
-18.5 33.5 
3.5 10.5 
4.5 10.5 
5.5 10.5 
6.5 10.5 
7.5 10.5 
8.5 10.5 
9.5 10.5 
10.5 10.5 
11.5 10.5 
12.5 10.5 
13.5 10.5 
14.5 10.5 
15.5 10.5 
16.5 10.5 
17.5 10.5 
18.5 10.5 
19.5 10.5 
20.5 10.5 
21.5 10.5 
22.5 10.5 
23.5 10.5 
3.5 11.5 
4.5 11.5 
5.5 11.5 
6.5 11.5 
7.5 11.5 
8.5 11.5 
9.5 11.5 
10.5 11.5 
11.5 11.5 
12.5 11.5 
13.5 11.5 
14.5 11.5 
15.5 11.5 
16.5 11.5 
17.5 11.5 
18.5 11.5 
19.5 11.5 
20.5 11.5 
21.5 11.5 
22.5 11.5 
23.5 11.5 
3.5 12.5 
4.5 12.5 
5.5 12.5 
6.5 12.5 
7.5 12.5 
8.5 12.5 
9.5 12.5 
10.5 12.5 
11.5 12.5 
12.5 12.5 
13.5 12.5 
14.5 12.5 
15.5 12.5 
16.5 12.5 
17.5 12.5 
18.5 12.5 
19.5 12.5 
20.5 12.5 
21.5 12.5 
22.5 12.5 
23.5 12.5 
3.5 13.5 
4.5 13.5 
5.5 13.5 
6.5 13.5 
7.5 13.5 
8.5 13.5 
9.5 13.5 
10.5 13.5 
11.5 13.5 
12.5 13.5 
13.5 13.5 
14.5 13.5 
15.5 13.5 
16.5 13.5 
17.5 13.5 
18.5 13.5 
19.5 13.5 
20.5 13.5 
21.5 13.5 
22.5 13.5 
23.5 13.5 
3.5 14.5 
4.5 14.5 
5.5 14.5 
6.5 14.5 
7.5 14.5 
8.5 14.5 
9.5 14.5 
10.5 14.5 
11.5 14.5 
12.5 14.5 
13.5 14.5 
14.5 14.5 
15.5 14.5 
16.5 14.5 
17.5 14.5 
18.5 14.5 
19.5 14.5 
20.5 14.5 
21.5 14.5 
22.5 14.5 
23.5 14.5 
3.5 15.5 
4.5 15.5 
5.5 15.5 
6.5 15.5 
7.5 15.5 
8.5 15.5 
9.5 15.5 
10.5 15.5 
11.5 15.5 
12.5 15.5 
13.5 15.5 
14.5 15.5 
15.5 15.5 
16.5 15.5 
17.5 15.5 
18.5 15.5 
19.5 15.5 
20.5 15.5 
21.5 15.5 
22.5 15.5 
23.5 15.5 
3.5 16.5 
4.5 16.5 
5.5 16.5 
6.5 16.5 
7.5 16.5 
8.5 16.5 
9.5 16.5 
10.5 16.5 
11.5 16.5 
12.5 16.5 
13.5 16.5 
14.5 16.5 
15.5 16.5 
16.5 16.5 
17.5 16.5 
18.5 16.5 
19.5 16.5 
20.5 16.5 
21.5 16.5 
22.5 16.5 
23.5 16.5 
3.5 17.5 
4.5 17.5 
5.5 17.5 
6.5 17.5 
7.5 17.5 
8.5 17.5 
9.5 17.5 
10.5 17.5 
11.5 17.5 
12.5 17.5 
13.5 17.5 
14.5 17.5 
15.5 17.5 
16.5 17.5 
17.5 17.5 
18.5 17.5 
19.5 17.5 
20.5 17.5 
21.5 17.5 
22.5 17.5 
23.5 17.5 
3.5 18.5 
4.5 18.5 
5.5 18.5 
6.5 18.5 
7.5 18.5 
8.5 18.5 
9.5 18.5 
10.5 18.5 
11.5 18.5 
12.5 18.5 
13.5 18.5 
14.5 18.5 
15.5 18.5 
16.5 18.5 
17.5 18.5 
18.5 18.5 
19.5 18.5 
20.5 18.5 
21.5 18.5 
22.5 18.5 
23.5 18.5 
3.5 19.5 
4.5 19.5 
5.5 19.5 
6.5 19.5 
7.5 19.5 
8.5 19.5 
9.5 19.5 
10.5 19.5 
11.5 19.5 
12.5 19.5 
13.5 19.5 
14.5 19.5 
15.5 19.5 
16.5 19.5 
17.5 19.5 
18.5 19.5 
19.5 19.5 
20.5 19.5 
21.5 19.5 
22.5 19.5 
23.5 19.5 
3.5 20.5 
4.5 20.5 
5.5 20.5 
6.5 20.5 
7.5 20.5 
8.5 20.5 
9.5 20.5 
10.5 20.5 
11.5 20.5 
12.5 20.5 
13.5 20.5 
14.5 20.5 
15.5 20.5 
16.5 20.5 
17.5 20.5 
18.5 20.5 
19.5 20.5 
20.5 20.5 
21.5 20.5 
22.5 20.5 
23.5 20.5 
3.5 21.5 
4.5 21.5 
5.5 21.5 
6.5 21.5 
7.5 21.5 
8.5 21.5 
9.5 21.5 
10.5 21.5 
11.5 21.5 
12.5 21.5 
13.5 21.5 
14.5 21.5 
15.5 21.5 
16.5 21.5 
17.5 21.5 
18.5 21.5 
19.5 21.5 
20.5 21.5 
21.5 21.5 
22.5 21.5 
23.5 21.5 
3.5 22.5 
4.5 22.5 
5.5 22.5 
6.5 22.5 
7.5 22.5 
8.5 22.5 
9.5 22.5 
10.5 22.5 
11.5 22.5 
12.5 22.5 
13.5 22.5 
14.5 22.5 
15.5 22.5 
16.5 22.5 
17.5 22.5 
18.5 22.5 
19.5 22.5 
20.5 22.5 
21.5 22.5 
22.5 22.5 
23.5 22.5 
3.5 23.5 
4.5 23.5 
5.5 23.5 
6.5 23.5 
7.5 23.5 
8.5 23.5 
9.5 23.5 
10.5 23.5 
11.5 23.5 
12.5 23.5 
13.5 23.5 
14.5 23.5 
15.5 23.5 
16.5 23.5 
17.5 23.5 
18.5 23.5 
19.5 23.5 
20.5 23.5 
21.5 23.5 
22.5 23.5 
23.5 23.5 
3.5 24.5 
4.5 24.5 
5.5 24.5 
6.5 24.5 
7.5 24.5 
8.5 24.5 
9.5 24.5 
10.5 24.5 
11.5 24.5 
12.5 24.5 
13.5 24.5 
14.5 24.5 
15.5 24.5 
16.5 24.5 
17.5 24.5 
18.5 24.5 
19.5 24.5 
20.5 24.5 
21.5 24.5 
22.5 24.5 
23.5 24.5 
3.5 25.5 
4.5 25.5 
5.5 25.5 
6.5 25.5 
7.5 25.5 
8.5 25.5 
9.5 25.5 
10.5 25.5 
11.5 25.5 
12.5 25.5 
13.5 25.5 
14.5 25.5 
15.5 25.5 
16.5 25.5 
17.5 25.5 
18.5 25.5 
19.5 25.5 
20.5 25.5 
21.5 25.5 
22.5 25.5 
23.5 25.5 
54.5 14.5 
55.5 14.5 
56.5 14.5 
57.5 14.5 
58.5 14.5 
59.5 14.5 
60.5 14.5 
61.5 14.5 
62.5 14.5 
63.5 14.5 
64.5 14.5 
65.5 14.5 
66.5 14.5 
67.5 14.5 
68.5 14.5 
69.5 14.5 
70.5 14.5 
54.5 15.5 
55.5 15.5 
56.5 15.5 
57.5 15.5 
58.5 15.5 
59.5 15.5 
60.5 15.5 
61.5 15.5 
62.5 15.5 
63.5 15.5 
64.5 15.5 
65.5 15.5 
66.5 15.5 
67.5 15.5 
68.5 15.5 
69.5 15.5 
70.5 15.5 
54.5 16.5 
55.5 16.5 
56.5 16.5 
57.5 16.5 
58.5 16.5 
59.5 16.5 
60.5 16.5 
61.5 16.5 
62.5 16.5 
63.5 16.5 
64.5 16.5 
65.5 16.5 
66.5 16.5 
67.5 16.5 
68.5 16.5 
69.5 16.5 
70.5 16.5 
54.5 17.5 
55.5 17.5 
56.5 17.5 
57.5 17.5 
58.5 17.5 
59.5 17.5 
60.5 17.5 
61.5 17.5 
62.5 17.5 
63.5 17.5 
64.5 17.5 
65.5 17.5 
66.5 17.5 
67.5 17.5 
68.5 17.5 
69.5 17.5 
70.5 17.5 
54.5 18.5 
55.5 18.5 
56.5 18.5 
57.5 18.5 
58.5 18.5 
59.5 18.5 
60.5 18.5 
61.5 18.5 
62.5 18.5 
63.5 18.5 
64.5 18.5 
65.5 18.5 
66.5 18.5 
67.5 18.5 
68.5 18.5 
69.5 18.5 
70.5 18.5 
54.5 19.5 
55.5 19.5 
56.5 19.5 
57.5 19.5 
58.5 19.5 
59.5 19.5 
60.5 19.5 
61.5 19.5 
62.5 19.5 
63.5 19.5 
64.5 19.5 
65.5 19.5 
66.5 19.5 
67.5 19.5 
68.5 19.5 
69.5 19.5 
70.5 19.5 
54.5 20.5 
55.5 20.5 
56.5 20.5 
57.5 20.5 
58.5 20.5 
59.5 20.5 
60.5 20.5 
61.5 20.5 
62.5 20.5 
63.5 20.5 
64.5 20.5 
65.5 20.5 
66.5 20.5 
67.5 20.5 
68.5 20.5 
69.5 20.5 
70.5 20.5 
54.5 21.5 
55.5 21.5 
56.5 21.5 
57.5 21.5 
58.5 21.5 
59.5 21.5 
60.5 21.5 
61.5 21.5 
62.5 21.5 
63.5 21.5 
64.5 21.5 
65.5 21.5 
66.5 21.5 
67.5 21.5 
68.5 21.5 
69.5 21.5 
70.5 21.5 
54.5 22.5 
55.5 22.5 
56.5 22.5 
57.5 22.5 
58.5 22.5 
59.5 22.5 
60.5 22.5 
61.5 22.5 
62.5 22.5 
63.5 22.5 
64.5 22.5 
65.5 22.5 
66.5 22.5 
67.5 22.5 
68.5 22.5 
69.5 22.5 
70.5 22.5 
54.5 23.5 
55.5 23.5 
56.5 23.5 
57.5 23.5 
58.5 23.5 
59.5 23.5 
60.5 23.5 
61.5 23.5 
62.5 23.5 
63.5 23.5 
64.5 23.5 
65.5 23.5 
66.5 23.5 
67.5 23.5 
68.5 23.5 
69.5 23.5 
70.5 23.5 
54.5 24.5 
55.5 24.5 
56.5 24.5 
57.5 24.5 
58.5 24.5 
59.5 24.5 
60.5 24.5 
61.5 24.5 
62.5 24.5 
63.5 24.5 
64.5 24.5 
65.5 24.5 
66.5 24.5 
67.5 24.5 
68.5 24.5 
69.5 24.5 
70.5 24.5 
54.5 25.5 
55.5 25.5 
56.5 25.5 
57.5 25.5 
58.5 25.5 
59.5 25.5 
60.5 25.5 
61.5 25.5 
62.5 25.5 
63.5 25.5 
64.5 25.5 
65.5 25.5 
66.5 25.5 
67.5 25.5 
68.5 25.5 
69.5 25.5 
70.5 25.5 
54.5 26.5 
55.5 26.5 
56.5 26.5 
57.5 26.5 
58.5 26.5 
59.5 26.5 
60.5 26.5 
61.5 26.5 
62.5 26.5 
63.5 26.5 
64.5 26.5 
65.5 26.5 
66.5 26.5 
67.5 26.5 
68.5 26.5 
69.5 26.5 
70.5 26.5 
54.5 27.5 
55.5 27.5 
56.5 27.5 
57.5 27.5 
58.5 27.5 
59.5 27.5 
60.5 27.5 
61.5 27.5 
62.5 27.5 
63.5 27.5 
64.5 27.5 
65.5 27.5 
66.5 27.5 
67.5 27.5 
68.5 27.5 
69.5 27.5 
70.5 27.5 
54.5 28.5 
55.5 28.5 
56.5 28.5 
57.5 28.5 
58.5 28.5 
59.5 28.5 
60.5 28.5 
61.5 28.5 
62.5 28.5 
63.5 28.5 
64.5 28.5 
65.5 28.5 
66.5 28.5 
67.5 28.5 
68.5 28.5 
69.5 28.5 
70.5 28.5 
54.5 29.5 
55.5 29.5 
56.5 29.5 
57.5 29.5 
58.5 29.5 
59.5 29.5 
60.5 29.5 
61.5 29.5 
62.5 29.5 
63.5 29.5 
64.5 29.5 
65.5 29.5 
66.5 29.5 
67.5 29.5 
68.5 29.5 
69.5 29.5 
70.5 29.5 
54.5 30.5 
55.5 30.5 
56.5 30.5 
57.5 30.5 
58.5 30.5 
59.5 30.5 
60.5 30.5 
61.5 30.5 
62.5 30.5 
63.5 30.5 
64.5 30.5 
65.5 30.5 
66.5 30.5 
67.5 30.5 
68.5 30.5 
69.5 30.5 
70.5 30.5 
71.2 9.0 
72.2 9.0 
73.2 9.0 
74.2 9.0 
75.2 9.0 
76.2 9.0 
77.2 9.0 
78.2 9.0 
79.2 9.0 
80.2 9.0 
81.2 9.0 
82.2 9.0 
83.2 9.0 
84.2 9.0 
71.2 10.0 
72.2 10.0 
73.2 10.0 
74.2 10.0 
75.2 10.0 
76.2 10.0 
77.2 10.0 
78.2 10.0 
79.2 10.0 
80.2 10.0 
81.2 10.0 
82.2 10.0 
83.2 10.0 
84.2 10.0 
71.2 11.0 
72.2 11.0 
73.2 11.0 
74.2 11.0 
75.2 11.0 
76.2 11.0 
77.2 11.0 
78.2 11.0 
79.2 11.0 
80.2 11.0 
81.2 11.0 
82.2 11.0 
83.2 11.0 
84.2 11.0 
71.2 12.0 
72.2 12.0 
73.2 12.0 
74.2 12.0 
75.2 12.0 
76.2 12.0 
77.2 12.0 
78.2 12.0 
79.2 12.0 
80.2 12.0 
81.2 12.0 
82.2 12.0 
83.2 12.0 
84.2 12.0 
71.2 13.0 
72.2 13.0 
73.2 13.0 
74.2 13.0 
75.2 13.0 
76.2 13.0 
77.2 13.0 
78.2 13.0 
79.2 13.0 
80.2 13.0 
81.2 13.0 
82.2 13.0 
83.2 13.0 
84.2 13.0 
71.2 14.0 
72.2 14.0 
73.2 14.0 
74.2 14.0 
75.2 14.0 
76.2 14.0 
77.2 14.0 
78.2 14.0 
79.2 14.0 
80.2 14.0 
81.2 14.0 
82.2 14.0 
83.2 14.0 
84.2 14.0 
71.2 15.0 
72.2 15.0 
73.2 15.0 
74.2 15.0 
75.2 15.0 
76.2 15.0 
77.2 15.0 
78.2 15.0 
79.2 15.0 
80.2 15.0 
81.2 15.0 
82.2 15.0 
83.2 15.0 
84.2 15.0 
71.2 16.0 
72.2 16.0 
73.2 16.0 
74.2 16.0 
75.2 16.0 
76.2 16.0 
77.2 16.0 
78.2 16.0 
79.2 16.0 
80.2 16.0 
81.2 16.0 
82.2 16.0 
83.2 16.0 
84.2 16.0 
71.2 17.0 
72.2 17.0 
73.2 17.0 
74.2 17.0 
75.2 17.0 
76.2 17.0 
77.2 17.0 
78.2 17.0 
79.2 17.0 
80.2 17.0 
81.2 17.0 
82.2 17.0 
83.2 17.0 
84.2 17.0 
71.2 18.0 
72.2 18.0 
73.2 18.0 
74.2 18.0 
75.2 18.0 
76.2 18.0 
77.2 18.0 
78.2 18.0 
79.2 18.0 
80.2 18.0 
81.2 18.0 
82.2 18.0 
83.2 18.0 
84.2 18.0 
71.2 19.0 
72.2 19.0 
73.2 19.0 
74.2 19.0 
75.2 19.0 
76.2 19.0 
77.2 19.0 
78.2 19.0 
79.2 19.0 
80.2 19.0 
81.2 19.0 
82.2 19.0 
83.2 19.0 
84.2 19.0 
87.8 11.4 
88.8 11.4 
89.8 11.4 
90.8 11.4 
91.8 11.4 
92.8 11.4 
93.8 11.4 
94.8 11.4 
95.8 11.4 
96.8 11.4 
97.8 11.4 
98.8 11.4 
99.8 11.4 
100.8 11.4 
101.8 11.4 
87.8 12.4 
88.8 12.4 
89.8 12.4 
90.8 12.4 
91.8 12.4 
92.8 12.4 
93.8 12.4 
94.8 12.4 
95.8 12.4 
96.8 12.4 
97.8 12.4 
98.8 12.4 
99.8 12.4 
100.8 12.4 
101.8 12.4 
87.8 13.4 
88.8 13.4 
89.8 13.4 
90.8 13.4 
91.8 13.4 
92.8 13.4 
93.8 13.4 
94.8 13.4 
95.8 13.4 
96.8 13.4 
97.8 13.4 
98.8 13.4 
99.8 13.4 
100.8 13.4 
101.8 13.4 
87.8 14.4 
88.8 14.4 
89.8 14.4 
90.8 14.4 
91.8 14.4 
92.8 14.4 
93.8 14.4 
94.8 14.4 
95.8 14.4 
96.8 14.4 
97.8 14.4 
98.8 14.4 
99.8 14.4 
100.8 14.4 
101.8 14.4 
87.8 15.4 
88.8 15.4 
89.8 15.4 
90.8 15.4 
91.8 15.4 
92.8 15.4 
93.8 15.4 
94.8 15.4 
95.8 15.4 
96.8 15.4 
97.8 15.4 
98.8 15.4 
99.8 15.4 
100.8 15.4 
101.8 15.4 
87.8 16.4 
88.8 16.4 
89.8 16.4 
90.8 16.4 
91.8 16.4 
92.8 16.4 
93.8 16.4 
94.8 16.4 
95.8 16.4 
96.8 16.4 
97.8 16.4 
98.8 16.4 
99.8 16.4 
100.8 16.4 
101.8 16.4 
78.5 21.7 
79.5 21.7 
80.5 21.7 
81.5 21.7 
82.5 21.7 
83.5 21.7 
84.5 21.7 
85.5 21.7 
86.5 21.7 
87.5 21.7 
88.5 21.7 
89.5 21.7 
90.5 21.7 
91.5 21.7 
92.5 21.7 
93.5 21.7 
94.5 21.7 
95.5 21.7 
78.5 22.7 
79.5 22.7 
80.5 22.7 
81.5 22.7 
82.5 22.7 
83.5 22.7 
84.5 22.7 
85.5 22.7 
86.5 22.7 
87.5 22.7 
88.5 22.7 
89.5 22.7 
90.5 22.7 
91.5 22.7 
92.5 22.7 
93.5 22.7 
94.5 22.7 
95.5 22.7 
78.5 23.7 
79.5 23.7 
80.5 23.7 
81.5 23.7 
82.5 23.7 
83.5 23.7 
84.5 23.7 
85.5 23.7 
86.5 23.7 
87.5 23.7 
88.5 23.7 
89.5 23.7 
90.5 23.7 
91.5 23.7 
92.5 23.7 
93.5 23.7 
94.5 23.7 
95.5 23.7 
78.5 24.7 
79.5 24.7 
80.5 24.7 
81.5 24.7 
82.5 24.7 
83.5 24.7 
84.5 24.7 
85.5 24.7 
86.5 24.7 
87.5 24.7 
88.5 24.7 
89.5 24.7 
90.5 24.7 
91.5 24.7 
92.5 24.7 
93.5 24.7 
94.5 24.7 
95.5 24.7 
78.5 25.7 
79.5 25.7 
80.5 25.7 
81.5 25.7 
82.5 25.7 
83.5 25.7 
84.5 25.7 
85.5 25.7 
86.5 25.7 
87.5 25.7 
88.5 25.7 
89.5 25.7 
90.5 25.7 
91.5 25.7 
92.5 25.7 
93.5 25.7 
94.5 25.7 
95.5 25.7 
78.5 26.7 
79.5 26.7 
80.5 26.7 
81.5 26.7 
82.5 26.7 
83.5 26.7 
84.5 26.7 
85.5 26.7 
86.5 26.7 
87.5 26.7 
88.5 26.7 
89.5 26.7 
90.5 26.7 
91.5 26.7 
92.5 26.7 
93.5 26.7 
94.5 26.7 
95.5 26.7 
78.5 27.7 
79.5 27.7 
80.5 27.7 
81.5 27.7 
82.5 27.7 
83.5 27.7 
84.5 27.7 
85.5 27.7 
86.5 27.7 
87.5 27.7 
88.5 27.7 
89.5 27.7 
90.5 27.7 
91.5 27.7 
92.5 27.7 
93.5 27.7 
94.5 27.7 
95.5 27.7 
78.5 28.7 
79.5 28.7 
80.5 28.7 
81.5 28.7 
82.5 28.7 
83.5 28.7 
84.5 28.7 
85.5 28.7 
86.5 28.7 
87.5 28.7 
88.5 28.7 
89.5 28.7 
90.5 28.7 
91.5 28.7 
92.5 28.7 
93.5 28.7 
94.5 28.7 
95.5 28.7 
78.5 29.7 
79.5 29.7 
80.5 29.7 
81.5 29.7 
82.5 29.7 
83.5 29.7 
84.5 29.7 
85.5 29.7 
86.5 29.7 
87.5 29.7 
88.5 29.7 
89.5 29.7 
90.5 29.7 
91.5 29.7 
92.5 29.7 
93.5 29.7 
94.5 29.7 
95.5 29.7 
78.5 30.7 
79.5 30.7 
80.5 30.7 
81.5 30.7 
82.5 30.7 
83.5 30.7 
84.5 30.7 
85.5 30.7 
86.5 30.7 
87.5 30.7 
88.5 30.7 
89.5 30.7 
90.5 30.7 
91.5 30.7 
92.5 30.7 
93.5 30.7 
94.5 30.7 
95.5 30.7 
78.5 31.7 
79.5 31.7 
80.5 31.7 
81.5 31.7 
82.5 31.7 
83.5 31.7 
84.5 31.7 
85.5 31.7 
86.5 31.7 
87.5 31.7 
88.5 31.7 
89.5 31.7 
90.5 31.7 
91.5 31.7 
92.5 31.7 
93.5 31.7 
94.5 31.7 
95.5 31.7 
78.5 32.7 
79.5 32.7 
80.5 32.7 
81.5 32.7 
82.5 32.7 
83.5 32.7 
84.5 32.7 
85.5 32.7 
86.5 32.7 
87.5 32.7 
88.5 32.7 
89.5 32.7 
90.5 32.7 
91.5 32.7 
92.5 32.7 
93.5 32.7 
94.5 32.7 
95.5 32.7 
78.5 33.7 
79.5 33.7 
80.5 33.7 
81.5 33.7 
82.5 33.7 
83.5 33.7 
84.5 33.7 
85.5 33.7 
86.5 33.7 
87.5 33.7 
88.5 33.7 
89.5 33.7 
90.5 33.7 
91.5 33.7 
92.5 33.7 
93.5 33.7 
94.5 33.7 
95.5 33.7 
78.5 34.7 
79.5 34.7 
80.5 34.7 
81.5 34.7 
82.5 34.7 
83.5 34.7 
84.5 34.7 
85.5 34.7 
86.5 34.7 
87.5 34.7 
88.5 34.7 
89.5 34.7 
90.5 34.7 
91.5 34.7 
92.5 34.7 
93.5 34.7 
94.5 34.7 
95.5 34.7 
52.5 -35.5 
53.5 -35.5 
54.5 -35.5 
55.5 -35.5 
56.5 -35.5 
57.5 -35.5 
58.5 -35.5 
59.5 -35.5 
60.5 -35.5 
61.5 -35.5 
62.5 -35.5 
63.5 -35.5 
64.5 -35.5 
65.5 -35.5 
66.5 -35.5 
67.5 -35.5 
68.5 -35.5 
69.5 -35.5 
70.5 -35.5 
71.5 -35.5 
52.5 -34.5 
53.5 -34.5 
54.5 -34.5 
55.5 -34.5 
56.5 -34.5 
57.5 -34.5 
58.5 -34.5 
59.5 -34.5 
60.5 -34.5 
61.5 -34.5 
62.5 -34.5 
63.5 -34.5 
64.5 -34.5 
65.5 -34.5 
66.5 -34.5 
67.5 -34.5 
68.5 -34.5 
69.5 -34.5 
70.5 -34.5 
71.5 -34.5 
52.5 -33.5 
53.5 -33.5 
54.5 -33.5 
55.5 -33.5 
56.5 -33.5 
57.5 -33.5 
58.5 -33.5 
59.5 -33.5 
60.5 -33.5 
61.5 -33.5 
62.5 -33.5 
63.5 -33.5 
64.5 -33.5 
65.5 -33.5 
66.5 -33.5 
67.5 -33.5 
68.5 -33.5 
69.5 -33.5 
70.5 -33.5 
71.5 -33.5 
52.5 -32.5 
53.5 -32.5 
54.5 -32.5 
55.5 -32.5 
56.5 -32.5 
57.5 -32.5 
58.5 -32.5 
59.5 -32.5 
60.5 -32.5 
61.5 -32.5 
62.5 -32.5 
63.5 -32.5 
64.5 -32.5 
65.5 -32.5 
66.5 -32.5 
67.5 -32.5 
68.5 -32.5 
69.5 -32.5 
70.5 -32.5 
71.5 -32.5 
52.5 -31.5 
53.5 -31.5 
54.5 -31.5 
55.5 -31.5 
56.5 -31.5 
57.5 -31.5 
58.5 -31.5 
59.5 -31.5 
60.5 -31.5 
61.5 -31.5 
62.5 -31.5 
63.5 -31.5 
64.5 -31.5 
65.5 -31.5 
66.5 -31.5 
67.5 -31.5 
68.5 -31.5 
69.5 -31.5 
70.5 -31.5 
71.5 -31.5 
52.5 -30.5 
53.5 -30.5 
54.5 -30.5 
55.5 -30.5 
56.5 -30.5 
57.5 -30.5 
58.5 -30.5 
59.5 -30.5 
60.5 -30.5 
61.5 -30.5 
62.5 -30.5 
63.5 -30.5 
64.5 -30.5 
65.5 -30.5 
66.5 -30.5 
67.5 -30.5 
68.5 -30.5 
69.5 -30.5 
70.5 -30.5 
71.5 -30.5 
52.5 -29.5 
53.5 -29.5 
54.5 -29.5 
55.5 -29.5 
56.5 -29.5 
57.5 -29.5 
58.5 -29.5 
59.5 -29.5 
60.5 -29.5 
61.5 -29.5 
62.5 -29.5 
63.5 -29.5 
64.5 -29.5 
65.5 -29.5 
66.5 -29.5 
67.5 -29.5 
68.5 -29.5 
69.5 -29.5 
70.5 -29.5 
71.5 -29.5 
52.5 -28.5 
53.5 -28.5 
54.5 -28.5 
55.5 -28.5 
56.5 -28.5 
57.5 -28.5 
58.5 -28.5 
59.5 -28.5 
60.5 -28.5 
61.5 -28.5 
62.5 -28.5 
63.5 -28.5 
64.5 -28.5 
65.5 -28.5 
66.5 -28.5 
67.5 -28.5 
68.5 -28.5 
69.5 -28.5 
70.5 -28.5 
71.5 -28.5 
52.5 -27.5 
53.5 -27.5 
54.5 -27.5 
55.5 -27.5 
56.5 -27.5 
57.5 -27.5 
58.5 -27.5 
59.5 -27.5 
60.5 -27.5 
61.5 -27.5 
62.5 -27.5 
63.5 -27.5 
64.5 -27.5 
65.5 -27.5 
66.5 -27.5 
67.5 -27.5 
68.5 -27.5 
69.5 -27.5 
70.5 -27.5 
71.5 -27.5 
52.5 -26.5 
53.5 -26.5 
54.5 -26.5 
55.5 -26.5 
56.5 -26.5 
57.5 -26.5 
58.5 -26.5 
59.5 -26.5 
60.5 -26.5 
61.5 -26.5 
62.5 -26.5 
63.5 -26.5 
64.5 -26.5 
65.5 -26.5 
66.5 -26.5 
67.5 -26.5 
68.5 -26.5 
69.5 -26.5 
70.5 -26.5 
71.5 -26.5 
-5.9 -19.9 
-4.9 -19.9 
-3.9 -19.9 
-2.9 -19.9 
-1.9 -19.9 
-0.9 -19.9 
0.1 -19.9 
1.1 -19.9 
2.1 -19.9 
3.1 -19.9 
4.1 -19.9 
5.1 -19.9 
6.1 -19.9 
-5.9 -18.9 
-4.9 -18.9 
-3.9 -18.9 
-2.9 -18.9 
-1.9 -18.9 
-0.9 -18.9 
0.1 -18.9 
1.1 -18.9 
2.1 -18.9 
3.1 -18.9 
4.1 -18.9 
5.1 -18.9 
6.1 -18.9 
-5.9 -17.9 
-4.9 -17.9 
-3.9 -17.9 
-2.9 -17.9 
-1.9 -17.9 
-0.9 -17.9 
0.1 -17.9 
1.1 -17.9 
2.1 -17.9 
3.1 -17.9 
4.1 -17.9 
5.1 -17.9 
6.1 -17.9 
-5.9 -16.9 
-4.9 -16.9 
-3.9 -16.9 
-2.9 -16.9 
-1.9 -16.9 
-0.9 -16.9 
0.1 -16.9 
1.1 -16.9 
2.1 -16.9 
3.1 -16.9 
4.1 -16.9 
5.1 -16.9 
6.1 -16.9 
-5.9 -15.9 
-4.9 -15.9 
-3.9 -15.9 
-2.9 -15.9 
-1.9 -15.9 
-0.9 -15.9 
0.1 -15.9 
1.1 -15.9 
2.1 -15.9 
3.1 -15.9 
4.1 -15.9 
5.1 -15.9 
6.1 -15.9 
-5.9 -14.9 
-4.9 -14.9 
-3.9 -14.9 
-2.9 -14.9 
-1.9 -14.9 
-0.9 -14.9 
0.1 -14.9 
1.1 -14.9 
2.1 -14.9 
3.1 -14.9 
4.1 -14.9 
5.1 -14.9 
6.1 -14.9 
-5.9 -13.9 
-4.9 -13.9 
-3.9 -13.9 
-2.9 -13.9 
-1.9 -13.9 
-0.9 -13.9 
0.1 -13.9 
1.1 -13.9 
2.1 -13.9 
3.1 -13.9 
4.1 -13.9 
5.1 -13.9 
6.1 -13.9 
-5.9 -12.9 
-4.9 -12.9 
-3.9 -12.9 
-2.9 -12.9 
-1.9 -12.9 
-0.9 -12.9 
0.1 -12.9 
1.1 -12.9 
2.1 -12.9 
3.1 -12.9 
4.1 -12.9 
5.1 -12.9 
6.1 -12.9 
-5.9 -11.9 
-4.9 -11.9 
-3.9 -11.9 
-2.9 -11.9 
-1.9 -11.9 
-0.9 -11.9 
0.1 -11.9 
1.1 -11.9 
2.1 -11.9 
3.1 -11.9 
4.1 -11.9 
5.1 -11.9 
6.1 -11.9 
-5.9 -10.9 
-4.9 -10.9 
-3.9 -10.9 
-2.9 -10.9 
-1.9 -10.9 
-0.9 -10.9 
0.1 -10.9 
1.1 -10.9 
2.1 -10.9 
3.1 -10.9 
4.1 -10.9 
5.1 -10.9 
6.1 -10.9 
14.0 -23.0 
15.0 -23.0 
16.0 -23.0 
17.0 -23.0 
18.0 -23.0 
19.0 -23.0 
20.0 -23.0 
21.0 -23.0 
22.0 -23.0 
23.0 -23.0 
24.0 -23.0 
25.0 -23.0 
26.0 -23.0 
27.0 -23.0 
28.0 -23.0 
29.0 -23.0 
30.0 -23.0 
31.0 -23.0 
32.0 -23.0 
33.0 -23.0 
34.0 -23.0 
35.0 -23.0 
36.0 -23.0 
37.0 -23.0 
38.0 -23.0 
39.0 -23.0 
40.0 -23.0 
41.0 -23.0 
14.0 -22.0 
15.0 -22.0 
16.0 -22.0 
17.0 -22.0 
18.0 -22.0 
19.0 -22.0 
20.0 -22.0 
21.0 -22.0 
22.0 -22.0 
23.0 -22.0 
24.0 -22.0 
25.0 -22.0 
26.0 -22.0 
27.0 -22.0 
28.0 -22.0 
29.0 -22.0 
30.0 -22.0 
31.0 -22.0 
32.0 -22.0 
33.0 -22.0 
34.0 -22.0 
35.0 -22.0 
36.0 -22.0 
37.0 -22.0 
38.0 -22.0 
39.0 -22.0 
40.0 -22.0 
41.0 -22.0 
14.0 -21.0 
15.0 -21.0 
16.0 -21.0 
17.0 -21.0 
18.0 -21.0 
19.0 -21.0 
20.0 -21.0 
21.0 -21.0 
22.0 -21.0 
23.0 -21.0 
24.0 -21.0 
25.0 -21.0 
26.0 -21.0 
27.0 -21.0 
28.0 -21.0 
29.0 -21.0 
30.0 -21.0 
31.0 -21.0 
32.0 -21.0 
33.0 -21.0 
34.0 -21.0 
35.0 -21.0 
36.0 -21.0 
37.0 -21.0 
38.0 -21.0 
39.0 -21.0 
40.0 -21.0 
41.0 -21.0 
14.0 -20.0 
15.0 -20.0 
16.0 -20.0 
17.0 -20.0 
18.0 -20.0 
19.0 -20.0 
20.0 -20.0 
21.0 -20.0 
22.0 -20.0 
23.0 -20.0 
24.0 -20.0 
25.0 -20.0 
26.0 -20.0 
27.0 -20.0 
28.0 -20.0 
29.0 -20.0 
30.0 -20.0 
31.0 -20.0 
32.0 -20.0 
33.0 -20.0 
34.0 -20.0 
35.0 -20.0 
36.0 -20.0 
37.0 -20.0 
38.0 -20.0 
39.0 -20.0 
40.0 -20.0 
41.0 -20.0 
14.0 -19.0 
15.0 -19.0 
16.0 -19.0 
17.0 -19.0 
18.0 -19.0 
19.0 -19.0 
20.0 -19.0 
21.0 -19.0 
22.0 -19.0 
23.0 -19.0 
24.0 -19.0 
25.0 -19.0 
26.0 -19.0 
27.0 -19.0 
28.0 -19.0 
29.0 -19.0 
30.0 -19.0 
31.0 -19.0 
32.0 -19.0 
33.0 -19.0 
34.0 -19.0 
35.0 -19.0 
36.0 -19.0 
37.0 -19.0 
38.0 -19.0 
39.0 -19.0 
40.0 -19.0 
41.0 -19.0 
14.0 -18.0 
15.0 -18.0 
16.0 -18.0 
17.0 -18.0 
18.0 -18.0 
19.0 -18.0 
20.0 -18.0 
21.0 -18.0 
22.0 -18.0 
23.0 -18.0 
24.0 -18.0 
25.0 -18.0 
26.0 -18.0 
27.0 -18.0 
28.0 -18.0 
29.0 -18.0 
30.0 -18.0 
31.0 -18.0 
32.0 -18.0 
33.0 -18.0 
34.0 -18.0 
35.0 -18.0 
36.0 -18.0 
37.0 -18.0 
38.0 -18.0 
39.0 -18.0 
40.0 -18.0 
41.0 -18.0 
14.0 -17.0 
15.0 -17.0 
16.0 -17.0 
17.0 -17.0 
18.0 -17.0 
19.0 -17.0 
20.0 -17.0 
21.0 -17.0 
22.0 -17.0 
23.0 -17.0 
24.0 -17.0 
25.0 -17.0 
26.0 -17.0 
27.0 -17.0 
28.0 -17.0 
29.0 -17.0 
30.0 -17.0 
31.0 -17.0 
32.0 -17.0 
33.0 -17.0 
34.0 -17.0 
35.0 -17.0 
36.0 -17.0 
37.0 -17.0 
38.0 -17.0 
39.0 -17.0 
40.0 -17.0 
41.0 -17.0 
14.0 -16.0 
15.0 -16.0 
16.0 -16.0 
17.0 -16.0 
18.0 -16.0 
19.0 -16.0 
20.0 -16.0 
21.0 -16.0 
22.0 -16.0 
23.0 -16.0 
24.0 -16.0 
25.0 -16.0 
26.0 -16.0 
27.0 -16.0 
28.0 -16.0 
29.0 -16.0 
30.0 -16.0 
31.0 -16.0 
32.0 -16.0 
33.0 -16.0 
34.0 -16.0 
35.0 -16.0 
36.0 -16.0 
37.0 -16.0 
38.0 -16.0 
39.0 -16.0 
40.0 -16.0 
41.0 -16.0 
14.0 -15.0 
15.0 -15.0 
16.0 -15.0 
17.0 -15.0 
18.0 -15.0 
19.0 -15.0 
20.0 -15.0 
21.0 -15.0 
22.0 -15.0 
23.0 -15.0 
24.0 -15.0 
25.0 -15.0 
26.0 -15.0 
27.0 -15.0 
28.0 -15.0 
29.0 -15.0 
30.0 -15.0 
31.0 -15.0 
32.0 -15.0 
33.0 -15.0 
34.0 -15.0 
35.0 -15.0 
36.0 -15.0 
37.0 -15.0 
38.0 -15.0 
39.0 -15.0 
40.0 -15.0 
41.0 -15.0 
14.0 -14.0 
15.0 -14.0 
16.0 -14.0 
17.0 -14.0 
18.0 -14.0 
19.0 -14.0 
20.0 -14.0 
21.0 -14.0 
22.0 -14.0 
23.0 -14.0 
24.0 -14.0 
25.0 -14.0 
26.0 -14.0 
27.0 -14.0 
28.0 -14.0 
29.0 -14.0 
30.0 -14.0 
31.0 -14.0 
32.0 -14.0 
33.0 -14.0 
34.0 -14.0 
35.0 -14.0 
36.0 -14.0 
37.0 -14.0 
38.0 -14.0 
39.0 -14.0 
40.0 -14.0 
41.0 -14.0 
14.0 -13.0 
15.0 -13.0 
16.0 -13.0 
17.0 -13.0 
18.0 -13.0 
19.0 -13.0 
20.0 -13.0 
21.0 -13.0 
22.0 -13.0 
23.0 -13.0 
24.0 -13.0 
25.0 -13.0 
26.0 -13.0 
27.0 -13.0 
28.0 -13.0 
29.0 -13.0 
30.0 -13.0 
31.0 -13.0 
32.0 -13.0 
33.0 -13.0 
34.0 -13.0 
35.0 -13.0 
36.0 -13.0 
37.0 -13.0 
38.0 -13.0 
39.0 -13.0 
40.0 -13.0 
41.0 -13.0 
14.0 -12.0 
15.0 -12.0 
16.0 -12.0 
17.0 -12.0 
18.0 -12.0 
19.0 -12.0 
20.0 -12.0 
21.0 -12.0 
22.0 -12.0 
23.0 -12.0 
24.0 -12.0 
25.0 -12.0 
26.0 -12.0 
27.0 -12.0 
28.0 -12.0 
29.0 -12.0 
30.0 -12.0 
31.0 -12.0 
32.0 -12.0 
33.0 -12.0 
34.0 -12.0 
35.0 -12.0 
36.0 -12.0 
37.0 -12.0 
38.0 -12.0 
39.0 -12.0 
40.0 -12.0 
41.0 -12.0 
14.0 -11.0 
15.0 -11.0 
16.0 -11.0 
17.0 -11.0 
18.0 -11.0 
19.0 -11.0 
20.0 -11.0 
21.0 -11.0 
22.0 -11.0 
23.0 -11.0 
24.0 -11.0 
25.0 -11.0 
26.0 -11.0 
27.0 -11.0 
28.0 -11.0 
29.0 -11.0 
30.0 -11.0 
31.0 -11.0 
32.0 -11.0 
33.0 -11.0 
34.0 -11.0 
35.0 -11.0 
36.0 -11.0 
37.0 -11.0 
38.0 -11.0 
39.0 -11.0 
40.0 -11.0 
41.0 -11.0 
14.0 -10.0 
15.0 -10.0 
16.0 -10.0 
17.0 -10.0 
18.0 -10.0 
19.0 -10.0 
20.0 -10.0 
21.0 -10.0 
22.0 -10.0 
23.0 -10.0 
24.0 -10.0 
25.0 -10.0 
26.0 -10.0 
27.0 -10.0 
28.0 -10.0 
29.0 -10.0 
30.0 -10.0 
31.0 -10.0 
32.0 -10.0 
33.0 -10.0 
34.0 -10.0 
35.0 -10.0 
36.0 -10.0 
37.0 -10.0 
38.0 -10.0 
39.0 -10.0 
40.0 -10.0 
41.0 -10.0 
14.0 -9.0 
15.0 -9.0 
16.0 -9.0 
17.0 -9.0 
18.0 -9.0 
19.0 -9.0 
20.0 -9.0 
21.0 -9.0 
22.0 -9.0 
23.0 -9.0 
24.0 -9.0 
25.0 -9.0 
26.0 -9.0 
27.0 -9.0 
28.0 -9.0 
29.0 -9.0 
30.0 -9.0 
31.0 -9.0 
32.0 -9.0 
33.0 -9.0 
34.0 -9.0 
35.0 -9.0 
36.0 -9.0 
37.0 -9.0 
38.0 -9.0 
39.0 -9.0 
40.0 -9.0 
41.0 -9.0 
14.0 -8.0 
15.0 -8.0 
16.0 -8.0 
17.0 -8.0 
18.0 -8.0 
19.0 -8.0 
20.0 -8.0 
21.0 -8.0 
22.0 -8.0 
23.0 -8.0 
24.0 -8.0 
25.0 -8.0 
26.0 -8.0 
27.0 -8.0 
28.0 -8.0 
29.0 -8.0 
30.0 -8.0 
31.0 -8.0 
32.0 -8.0 
33.0 -8.0 
34.0 -8.0 
35.0 -8.0 
36.0 -8.0 
37.0 -8.0 
38.0 -8.0 
39.0 -8.0 
40.0 -8.0 
41.0 -8.0 
14.0 -7.0 
15.0 -7.0 
16.0 -7.0 
17.0 -7.0 
18.0 -7.0 
19.0 -7.0 
20.0 -7.0 
21.0 -7.0 
22.0 -7.0 
23.0 -7.0 
24.0 -7.0 
25.0 -7.0 
26.0 -7.0 
27.0 -7.0 
28.0 -7.0 
29.0 -7.0 
30.0 -7.0 
31.0 -7.0 
32.0 -7.0 
33.0 -7.0 
34.0 -7.0 
35.0 -7.0 
36.0 -7.0 
37.0 -7.0 
38.0 -7.0 
39.0 -7.0 
40.0 -7.0 
41.0 -7.0 
14.0 -6.0 
15.0 -6.0 
16.0 -6.0 
17.0 -6.0 
18.0 -6.0 
19.0 -6.0 
20.0 -6.0 
21.0 -6.0 
22.0 -6.0 
23.0 -6.0 
24.0 -6.0 
25.0 -6.0 
26.0 -6.0 
27.0 -6.0 
28.0 -6.0 
29.0 -6.0 
30.0 -6.0 
31.0 -6.0 
32.0 -6.0 
33.0 -6.0 
34.0 -6.0 
35.0 -6.0 
36.0 -6.0 
37.0 -6.0 
38.0 -6.0 
39.0 -6.0 
40.0 -6.0 
41.0 -6.0 
14.0 -5.0 
15.0 -5.0 
16.0 -5.0 
17.0 -5.0 
18.0 -5.0 
19.0 -5.0 
20.0 -5.0 
21.0 -5.0 
22.0 -5.0 
23.0 -5.0 
24.0 -5.0 
25.0 -5.0 
26.0 -5.0 
27.0 -5.0 
28.0 -5.0 
29.0 -5.0 
30.0 -5.0 
31.0 -5.0 
32.0 -5.0 
33.0 -5.0 
34.0 -5.0 
35.0 -5.0 
36.0 -5.0 
37.0 -5.0 
38.0 -5.0 
39.0 -5.0 
40.0 -5.0 
41.0 -5.0 
-5.5 -34.5 
-4.5 -34.5 
-3.5 -34.5 
-2.5 -34.5 
-1.5 -34.5 
-0.5 -34.5 
0.5 -34.5 
1.5 -34.5 
2.5 -34.5 
3.5 -34.5 
4.5 -34.5 
5.5 -34.5 
6.5 -34.5 
-5.5 -33.5 
-4.5 -33.5 
-3.5 -33.5 
-2.5 -33.5 
-1.5 -33.5 
-0.5 -33.5 
0.5 -33.5 
1.5 -33.5 
2.5 -33.5 
3.5 -33.5 
4.5 -33.5 
5.5 -33.5 
6.5 -33.5 
-5.5 -32.5 
-4.5 -32.5 
-3.5 -32.5 
-2.5 -32.5 
-1.5 -32.5 
-0.5 -32.5 
0.5 -32.5 
1.5 -32.5 
2.5 -32.5 
3.5 -32.5 
4.5 -32.5 
5.5 -32.5 
6.5 -32.5 
-5.5 -31.5 
-4.5 -31.5 
-3.5 -31.5 
-2.5 -31.5 
-1.5 -31.5 
-0.5 -31.5 
0.5 -31.5 
1.5 -31.5 
2.5 -31.5 
3.5 -31.5 
4.5 -31.5 
5.5 -31.5 
6.5 -31.5 
-5.5 -30.5 
-4.5 -30.5 
-3.5 -30.5 
-2.5 -30.5 
-1.5 -30.5 
-0.5 -30.5 
0.5 -30.5 
1.5 -30.5 
2.5 -30.5 
3.5 -30.5 
4.5 -30.5 
5.5 -30.5 
6.5 -30.5 
-5.5 -29.5 
-4.5 -29.5 
-3.5 -29.5 
-2.5 -29.5 
-1.5 -29.5 
-0.5 -29.5 
0.5 -29.5 
1.5 -29.5 
2.5 -29.5 
3.5 -29.5 
4.5 -29.5 
5.5 -29.5 
6.5 -29.5 
-5.5 -28.5 
-4.5 -28.5 
-3.5 -28.5 
-2.5 -28.5 
-1.5 -28.5 
-0.5 -28.5 
0.5 -28.5 
1.5 -28.5 
2.5 -28.5 
3.5 -28.5 
4.5 -28.5 
5.5 -28.5 
6.5 -28.5 
-5.5 -27.5 
-4.5 -27.5 
-3.5 -27.5 
-2.5 -27.5 
-1.5 -27.5 
-0.5 -27.5 
0.5 -27.5 
1.5 -27.5 
2.5 -27.5 
3.5 -27.5 
4.5 -27.5 
5.5 -27.5 
6.5 -27.5 
-5.5 -26.5 
-4.5 -26.5 
-3.5 -26.5 
-2.5 -26.5 
-1.5 -26.5 
-0.5 -26.5 
0.5 -26.5 
1.5 -26.5 
2.5 -26.5 
3.5 -26.5 
4.5 -26.5 
5.5 -26.5 
6.5 -26.5 
-5.5 -25.5 
-4.5 -25.5 
-3.5 -25.5 
-2.5 -25.5 
-1.5 -25.5 
-0.5 -25.5 
0.5 -25.5 
1.5 -25.5 
2.5 -25.5 
3.5 -25.5 
4.5 -25.5 
5.5 -25.5 
6.5 -25.5 
-5.5 -24.5 
-4.5 -24.5 
-3.5 -24.5 
-2.5 -24.5 
-1.5 -24.5 
-0.5 -24.5 
0.5 -24.5 
1.5 -24.5 
2.5 -24.5 
3.5 -24.5 
4.5 -24.5 
5.5 -24.5 
6.5 -24.5 
-5.5 -23.5 
-4.5 -23.5 
-3.5 -23.5 
-2.5 -23.5 
-1.5 -23.5 
-0.5 -23.5 
0.5 -23.5 
1.5 -23.5 
2.5 -23.5 
3.5 -23.5 
4.5 -23.5 
5.5 -23.5 
6.5 -23.5 
-5.5 -22.5 
-4.5 -22.5 
-3.5 -22.5 
-2.5 -22.5 
-1.5 -22.5 
-0.5 -22.5 
0.5 -22.5 
1.5 -22.5 
2.5 -22.5 
3.5 -22.5 
4.5 -22.5 
5.5 -22.5 
6.5 -22.5 
-5.5 -21.5 
-4.5 -21.5 
-3.5 -21.5 
-2.5 -21.5 
-1.5 -21.5 
-0.5 -21.5 
0.5 -21.5 
1.5 -21.5 
2.5 -21.5 
3.5 -21.5 
4.5 -21.5 
5.5 -21.5 
6.5 -21.5 
-28.3 -28.0 
-27.3 -28.0 
-26.3 -28.0 
-25.3 -28.0 
-24.3 -28.0 
-23.3 -28.0 
-22.3 -28.0 
-28.3 -27.0 
-27.3 -27.0 
-26.3 -27.0 
-25.3 -27.0 
-24.3 -27.0 
-23.3 -27.0 
-22.3 -27.0 
-28.3 -26.0 
-27.3 -26.0 
-26.3 -26.0 
-25.3 -26.0 
-24.3 -26.0 
-23.3 -26.0 
-22.3 -26.0 
-28.3 -25.0 
-27.3 -25.0 
-26.3 -25.0 
-25.3 -25.0 
-24.3 -25.0 
-23.3 -25.0 
-22.3 -25.0 
-28.3 -24.0 
-27.3 -24.0 
-26.3 -24.0 
-25.3 -24.0 
-24.3 -24.0 
-23.3 -24.0 
-22.3 -24.0 
-28.3 -23.0 
-27.3 -23.0 
-26.3 -23.0 
-25.3 -23.0 
-24.3 -23.0 
-23.3 -23.0 
-22.3 -23.0 
-28.3 -22.0 
-27.3 -22.0 
-26.3 -22.0 
-25.3 -22.0 
-24.3 -22.0 
-23.3 -22.0 
-22.3 -22.0 
-28.3 -21.0 
-27.3 -21.0 
-26.3 -21.0 
-25.3 -21.0 
-24.3 -21.0 
-23.3 -21.0 
-22.3 -21.0 
-28.3 -20.0 
-27.3 -20.0 
-26.3 -20.0 
-25.3 -20.0 
-24.3 -20.0 
-23.3 -20.0 
-22.3 -20.0 
-28.3 -19.0 
-27.3 -19.0 
-26.3 -19.0 
-25.3 -19.0 
-24.3 -19.0 
-23.3 -19.0 
-22.3 -19.0 
-28.3 -18.0 
-27.3 -18.0 
-26.3 -18.0 
-25.3 -18.0 
-24.3 -18.0 
-23.3 -18.0 
-22.3 -18.0 
-28.3 -17.0 
-27.3 -17.0 
-26.3 -17.0 
-25.3 -17.0 
-24.3 -17.0 
-23.3 -17.0 
-22.3 -17.0 
-28.3 -16.0 
-27.3 -16.0 
-26.3 -16.0 
-25.3 -16.0 
-24.3 -16.0 
-23.3 -16.0 
-22.3 -16.0 
-28.3 -15.0 
-27.3 -15.0 
-26.3 -15.0 
-25.3 -15.0 
-24.3 -15.0 
-23.3 -15.0 
-22.3 -15.0 
-36.5 -35.5 
-35.5 -35.5 
-34.5 -35.5 
-33.5 -35.5 
-32.5 -35.5 
-31.5 -35.5 
-30.5 -35.5 
-29.5 -35.5 
-28.5 -35.5 
-27.5 -35.5 
-26.5 -35.5 
-25.5 -35.5 
-24.5 -35.5 
-23.5 -35.5 
-22.5 -35.5 
-36.5 -34.5 
-35.5 -34.5 
-34.5 -34.5 
-33.5 -34.5 
-32.5 -34.5 
-31.5 -34.5 
-30.5 -34.5 
-29.5 -34.5 
-28.5 -34.5 
-27.5 -34.5 
-26.5 -34.5 
-25.5 -34.5 
-24.5 -34.5 
-23.5 -34.5 
-22.5 -34.5 
-36.5 -33.5 
-35.5 -33.5 
-34.5 -33.5 
-33.5 -33.5 
-32.5 -33.5 
-31.5 -33.5 
-30.5 -33.5 
-29.5 -33.5 
-28.5 -33.5 
-27.5 -33.5 
-26.5 -33.5 
-25.5 -33.5 
-24.5 -33.5 
-23.5 -33.5 
-22.5 -33.5 
-36.5 -32.5 
-35.5 -32.5 
-34.5 -32.5 
-33.5 -32.5 
-32.5 -32.5 
-31.5 -32.5 
-30.5 -32.5 
-29.5 -32.5 
-28.5 -32.5 
-27.5 -32.5 
-26.5 -32.5 
-25.5 -32.5 
-24.5 -32.5 
-23.5 -32.5 
-22.5 -32.5 
-36.5 -31.5 
-35.5 -31.5 
-34.5 -31.5 
-33.5 -31.5 
-32.5 -31.5 
-31.5 -31.5 
-30.5 -31.5 
-29.5 -31.5 
-28.5 -31.5 
-27.5 -31.5 
-26.5 -31.5 
-25.5 -31.5 
-24.5 -31.5 
-23.5 -31.5 
-22.5 -31.5 
-36.5 -30.5 
-35.5 -30.5 
-34.5 -30.5 
-33.5 -30.5 
-32.5 -30.5 
-31.5 -30.5 
-30.5 -30.5 
-29.5 -30.5 
-28.5 -30.5 
-27.5 -30.5 
-26.5 -30.5 
-25.5 -30.5 
-24.5 -30.5 
-23.5 -30.5 
-22.5 -30.5 
-36.0 -26.0 
-35.0 -26.0 
-34.0 -26.0 
-33.0 -26.0 
-32.0 -26.0 
-31.0 -26.0 
-30.0 -26.0 
-36.0 -25.0 
-35.0 -25.0 
-34.0 -25.0 
-33.0 -25.0 
-32.0 -25.0 
-31.0 -25.0 
-30.0 -25.0 
-36.0 -24.0 
-35.0 -24.0 
-34.0 -24.0 
-33.0 -24.0 
-32.0 -24.0 
-31.0 -24.0 
-30.0 -24.0 
-36.0 -23.0 
-35.0 -23.0 
-34.0 -23.0 
-33.0 -23.0 
-32.0 -23.0 
-31.0 -23.0 
-30.0 -23.0 
-36.0 -22.0 
-35.0 -22.0 
-34.0 -22.0 
-33.0 -22.0 
-32.0 -22.0 
-31.0 -22.0 
-30.0 -22.0 
-36.0 -21.0 
-35.0 -21.0 
-34.0 -21.0 
-33.0 -21.0 
-32.0 -21.0 
-31.0 -21.0 
-30.0 -21.0 
-36.0 -20.0 
-35.0 -20.0 
-34.0 -20.0 
-33.0 -20.0 
-32.0 -20.0 
-31.0 -20.0 
-30.0 -20.0 
-36.0 -19.0 
-35.0 -19.0 
-34.0 -19.0 
-33.0 -19.0 
-32.0 -19.0 
-31.0 -19.0 
-30.0 -19.0 
-36.0 -18.0 
-35.0 -18.0 
-34.0 -18.0 
-33.0 -18.0 
-32.0 -18.0 
-31.0 -18.0 
-30.0 -18.0 
-36.0 -17.0 
-35.0 -17.0 
-34.0 -17.0 
-33.0 -17.0 
-32.0 -17.0 
-31.0 -17.0 
-30.0 -17.0 
-36.0 -16.0 
-35.0 -16.0 
-34.0 -16.0 
-33.0 -16.0 
-32.0 -16.0 
-31.0 -16.0 
-30.0 -16.0 
-36.0 -15.0 
-35.0 -15.0 
-34.0 -15.0 
-33.0 -15.0 
-32.0 -15.0 
-31.0 -15.0 
-30.0 -15.0 
-36.0 -14.0 
-35.0 -14.0 
-34.0 -14.0 
-33.0 -14.0 
-32.0 -14.0 
-31.0 -14.0 
-30.0 -14.0 
-36.0 -13.0 
-35.0 -13.0 
-34.0 -13.0 
-33.0 -13.0 
-32.0 -13.0 
-31.0 -13.0 
-30.0 -13.0 
2.5 33.8 
3.5 33.8 
4.5 33.8 
5.5 33.8 
6.5 33.8 
7.5 33.8 
8.5 33.8 
9.5 33.8 
2.5 34.8 
3.5 34.8 
4.5 34.8 
5.5 34.8 
6.5 34.8 
7.5 34.8 
8.5 34.8 
9.5 34.8 
2.5 35.8 
3.5 35.8 
4.5 35.8 
5.5 35.8 
6.5 35.8 
7.5 35.8 
8.5 35.8 
9.5 35.8 
